0 249
122 20
128 18
256 186
257 55
306 13
307 25
314 18
315 183
329 49
330 56
331 1
367 775
377 375
384 70
386 6
407 15
431 15
448 86
486 14
490 92
491 1
502 41
512 114
513 358
514 1277
515 1272
516 1266
517 1280
518 1273
519 1278
520 1117
521 1222
522 415
526 12
550 26
551 34
552 18
557 14
563 101
637 1113
640 4
766 7
768 282
834 4
836 65
896 475
897 40
900 49
901 9
903 1
947 15
957 19
959 3
966 5
979 59
992 85
993 33
996 1
1005 158
1016 11
1019 4
1020 317
1021 295
1022 2
1024 87
1032 17
1033 4
1042 233
1043 309
1044 285
1045 47
1118 1
1119 24
1152 13
1171 78
1172 2
1179 199
1183 51
1195 2
1216 109
