0 249
2 3
4 1
6 5
7 1
8 7
9 13
10 12
11 8
12 2
13 7
14 5
15 3
16 4
17 7
18 7
19 16
20 14
21 5
22 7
23 10
24 18
25 11
26 9
27 1
28 10
29 1
30 12
31 18
32 7
33 17
34 2
35 6
37 6
38 8
39 2
40 5
41 8
42 2
43 3
44 4
45 3
46 8
47 13
48 11
49 17
50 5
51 1
56 3
57 4
58 5
59 8
60 1
62 6
64 6
65 6
66 8
67 8
68 19
69 3
70 2
71 4
74 7
75 15
81 6
83 10
86 15
87 11
88 7
96 18
97 6
101 17
122 20
128 29
129 3
130 4
131 18
132 20
133 1
137 43
138 8
141 9
146 19
147 5
162 9
256 216
257 108
258 24
279 9
306 13
307 31
314 29
315 189
318 5
329 49
330 59
331 1
367 790
377 379
382 1
384 71
386 8
407 15
412 1
423 1
431 15
448 91
486 16
490 92
491 1
494 22
495 32
496 17
502 42
504 12
505 13
506 17
507 21
508 28
509 9
512 134
513 358
514 1277
515 1272
516 1266
517 1280
518 1273
519 1278
520 1117
521 1222
522 415
526 13
546 1
550 41
551 36
552 25
556 2
557 19
560 3
563 101
564 8
565 1
576 1
612 4
614 7
637 1114
639 1
640 4
690 2
766 9
767 3
768 283
797 4
799 5
816 4
818 8
834 4
836 65
889 4
890 1
896 475
897 63
898 23
900 55
901 28
903 4
904 1
947 52
948 3
957 21
959 9
962 3
966 6
979 59
992 110
993 39
996 3
998 1
1000 5
1001 11
1005 174
1008 14
1009 13
1015 3
1016 12
1017 2
1018 7
1019 5
1020 317
1021 295
1022 2
1024 87
1027 12
1028 15
1031 1
1032 17
1033 4
1042 233
1043 309
1044 285
1045 47
1118 3
1119 27
1120 4
1121 19
1122 25
1123 1
1124 11
1125 8
1128 2
1132 2
1133 6
1134 10
1135 11
1136 3
1137 8
1141 64
1142 62
1143 75
1144 16
1145 23
1146 28
1147 21
1148 31
1149 24
1150 15
1151 14
1152 13
1153 10
1154 100
1155 53
1156 56
1157 74
1158 23
1159 15
1160 5
1161 5
1162 8
1163 11
1164 4
1165 24
1166 17
1167 13
1168 5
1169 1
1170 1
1171 81
1172 2
1173 2
1174 5
1176 8
1179 199
1180 2
1181 5
1182 2
1183 55
1184 3
1185 7
1186 16
1187 13
1188 16
1189 12
1190 18
1191 8
1192 2
1193 14
1194 20
1195 8
1200 3
1208 4
1216 109
1246 7
