2 3
4 1
6 5
7 1
8 7
9 13
10 12
11 8
12 2
13 7
14 5
15 3
16 4
17 7
18 7
19 16
20 14
21 5
22 7
23 10
24 18
25 11
26 9
27 1
28 10
29 1
30 12
31 18
32 7
33 17
34 2
35 6
37 6
38 8
39 2
40 5
41 8
42 2
43 3
44 4
45 3
46 8
47 13
48 11
49 17
50 5
51 1
56 3
57 4
58 5
59 8
60 1
62 6
64 6
65 6
66 8
67 8
68 19
69 3
70 2
71 4
74 7
75 15
81 6
83 10
86 15
87 11
88 7
96 18
97 6
101 17
128 11
129 3
130 4
131 18
132 20
133 1
137 43
138 8
141 9
146 19
147 5
162 9
256 30
257 53
258 24
279 9
307 6
314 11
315 6
318 5
330 3
367 15
377 4
382 1
384 1
386 2
412 1
423 1
448 5
486 2
494 22
495 32
496 17
502 1
504 12
505 13
506 17
507 21
508 28
509 9
512 20
526 1
546 1
550 15
551 2
552 7
556 2
557 5
560 3
564 8
565 1
576 1
612 4
614 7
637 1
639 1
690 2
766 2
767 3
768 1
797 4
799 5
816 4
818 8
889 4
890 1
897 23
898 23
900 6
901 19
903 3
904 1
947 37
948 3
957 2
959 6
962 3
966 1
992 25
993 6
996 2
998 1
1000 5
1001 11
1005 16
1008 14
1009 13
1015 3
1016 1
1017 2
1018 7
1019 1
1027 12
1028 15
1031 1
1118 2
1119 3
1120 4
1121 19
1122 25
1123 1
1124 11
1125 8
1128 2
1132 2
1133 6
1134 10
1135 11
1136 3
1137 8
1141 64
1142 62
1143 75
1144 16
1145 23
1146 28
1147 21
1148 31
1149 24
1150 15
1151 14
1153 10
1154 100
1155 53
1156 56
1157 74
1158 23
1159 15
1160 5
1161 5
1162 8
1163 11
1164 4
1165 24
1166 17
1167 13
1168 5
1169 1
1170 1
1171 3
1173 2
1174 5
1176 8
1180 2
1181 5
1182 2
1183 4
1184 3
1185 7
1186 16
1187 13
1188 16
1189 12
1190 18
1191 8
1192 2
1193 14
1194 20
1195 6
1200 3
1208 4
1246 7
