138.840013813 18.9601803156
260.56002597 19.0204081633
384.560038355 18.3703703704
510.330050912 13.3416149068
632.560063125 13.8181818182
759.660075827 10.8070175439
879.830087835 9.20754716981
1000.39009987 11.5862068966
1120.44011186 18.8666666667
1240.51012387 0
1361.10135905 26.375
1481.1201479 23.4774774775
1601.25015989 9.5
1721.71017192 16.6551724138
1841.78018393 0
1961.85019593 0
2081.93020794 0
2202.70219954 0
2327.5502325 0
2447.5502445 0
2567.5502565 0
2687.5502685 0
2812.550281 15.25
2933.5602931 0
3053.5603051 0
3178.5603176 20.1481481481
3300.36032978 0
3450.19034476 53.3333333333
3570.5503568 0
