138.840013813 4.0
260.56002597 4.0
384.560038355 4.0
510.330050912 4.0
632.560063125 4.0
759.660075827 4.0
879.830087835 4.0
1000.39009987 4.0
1120.44011186 4.0
1240.51012387 4.0
1361.10135905 4.0
1481.1201479 4.0
1601.25015989 4.0
1721.71017192 4.0
1841.78018393 4.0
1961.85019593 4.0
2081.93020794 4.0
2202.70219954 4.0
2327.5502325 4.0
2447.5502445 4.0
2567.5502565 4.0
2687.5502685 4.0
2812.550281 4.0
2933.5602931 4.0
3053.5603051 4.0
3178.5603176 4.0
3300.36032978 4.0
3450.19034476 4.0
3570.5503568 4.0
