138.840013813 12.8655387355
260.56002597 4.7258382643
384.560038355 4.57566765579
510.330050912 4.8492377188
632.560063125 4.26341463415
759.660075827 4.99487179487
879.830087835 6.19628647215
1000.39009987 5.17962466488
1120.44011186 5.24929971989
1240.51012387 4.0
1361.10135905 6.3209076175
1481.1201479 6.96978021978
1601.25015989 4.09959257583
1721.71017192 4.6363242306
1841.78018393 4.0
1961.85019593 4.0
2081.93020794 4.0
2202.70219954 4.0
2327.5502325 4.0
2447.5502445 4.0
2567.5502565 4.0
2687.5502685 4.0
2812.550281 4.73469387755
2933.5602931 4.0
3053.5603051 4.0
3178.5603176 4.6976
3300.36032978 4.0
3450.19034476 6.84615384615
3570.5503568 4.0
